# Heliocentric osculating elements in ICRS at epoch 2457007.68:
#    a            e       i      Node   Arg of Peri   Time of Peri
   55.3797159   0.32387211   29.15656  127.4933     234.5322  2451739.873
+- 0.0081514   0.0001137   3.81e-05  0.000539     0.0356 6.73
# covariance matrix:
 6.6445e-05 7.98603e-07 2.26147e-09 1.39628e-08 5.79331e-07 -1.52683e-05
 7.98603e-07 1.29282e-08 3.18443e-11 3.11844e-10 4.25235e-08 -1.24038e-06
 2.26147e-09 3.18443e-11 4.42566e-13 5.82372e-12 7.45203e-11 -2.01675e-09
 1.39628e-08 3.11844e-10 5.82372e-12 8.84879e-11 1.73195e-09 -4.90166e-08
 5.79331e-07 4.25235e-08 7.45203e-11 1.73195e-09 3.85167e-07 -1.14295e-05
 -1.52683e-05 -1.24038e-06 -2.01675e-09 -4.90166e-08 -1.14295e-05 0.000339277