# Chi-squared of fit: 28.95752850234903 DOF: 36 
# Exact a, adot, b, bdot, g, gdot:
1.7841553e-05 0.030327717 -3.4588892e-06 -0.0032011809 0.026373867 0.0027033857
# a=55.3797 AU,e=0.323872,i=29.1566 deg
# Barycentric distance 38.4+-0.000859
# Covariance matrix:
 6.43214e-14 -6.89101e-14 -6.60859e-16 5.07111e-15 -1.77918e-14 -4.92566e-13
 -6.89101e-14 2.3601e-13 3.22048e-15 -2.4259e-14 7.48867e-14 2.30844e-12
 -6.60859e-16 3.22048e-15 5.46141e-14 -2.31529e-14 -2.19318e-15 2.68844e-14
 5.07111e-15 -2.4259e-14 -2.31529e-14 2.05346e-14 1.49969e-15 -2.35059e-13
 -1.77918e-14 7.48867e-14 -2.19318e-15 1.49969e-15 3.40483e-13 1.47336e-12
 -4.92566e-13 2.30844e-12 2.68844e-14 -2.35059e-13 1.47336e-12 2.58692e-11
#     lat0       lon0       xBary     yBary      zBary   JD0
-29.0637951 24.844847 -0.842236168 -0.246628005 -0.444177783 2457007.68255